101
102
103
104
105
106
107
108
109
110
201
202
203
204
205
206
207
208
209
210
211
212
213
301
302
303
304
305
306
307
308
309
310
311
312
313
402
403
404
405
406
407
408
501
502
503
504
505
514
600
601
602
603
604
605
606
607
608
609
610
700
701
702
703
704
705
706
707
708
709
800
801
802
803
804
805
806
807
808
900
901
902
903
904
905
906
907
908
909
910
1005
1006
1007
1008
1009
1010
1106
1107
1108
1109
1110
1205
1206
1207
1208
1209
1210
1211
1300
1301
1302
1303
1304
1305
1306
1307
1401
1402
1403
1404
1405
1406
1407
1408
1409
1410
1507
1508
1509
1510
1511
1606
1607
1608
1609
1610
1611
1612
1700
1701
1702
1703
1704
1705
1706
1707
1708
1709
1710
1711
1800
1801
1802
1803
1804
1805
1806
1807
1808
1809
1810
1811
1812
1900
1901
1902
1903
1904
1905
1906
1907
1908
1909
1910
1911
1912
2000
2001
2002
2003
2004
2005
2006
2007
2008
2009
2010
2011
2012
2013
2101
2102
2103
2104
2105
2106
2107
2108
2109
2110
2111
2112
2113
2114
2201
2202
2203
2204
2205
2206
2207
2208
2209
2210
2211
2212
2301
2302
2303
2304
2305
2306
2307
2308
2309
2310
2402
2403
2404
2405
2406
2407
2408
2409
2410
2411
2412
2413
2414
